lastAccountName: Gustau
timestamps:
  login: 1584224031544
  lastteleport: 1582984409577
  logout: 1583522930549
ipAddress: 127.0.0.1
lastlocation:
  world: world
  x: -249.38118293296935
  y: 68.0
  z: 105.60959206034235
  yaw: -212.26701
  pitch: 28.649492
logoutlocation:
  world: world
  x: -259.2739823138113
  y: 68.0
  z: 89.29405608569446
  yaw: -118.81813
  pitch: 22.649502
afk: true
