lastAccountName: 6gustav9
timestamps:
  login: 1574807462776
  logout: 1574802933631
ipAddress: 127.0.0.1
lastlocation:
  world: world
  x: -258.63856811937984
  y: 66.0
  z: 131.15863395132172
  yaw: 11.699994
  pitch: 31.049948
logoutlocation:
  world: world
  x: -253.9743905216415
  y: 68.0
  z: 83.76668140435979
  yaw: -19.362701
  pitch: 26.249964
