lastAccountName: 6gustav9
timestamps:
  login: 1582313644168
  logout: 1582307627043
ipAddress: 127.0.0.1
lastlocation:
  world: world
  x: -251.5455645962609
  y: 68.0
  z: 79.36143943607946
  yaw: -40.64891
  pitch: 30.749949
logoutlocation:
  world: world
  x: -253.12512158339155
  y: 68.0
  z: 80.54962113890554
  yaw: -100.800804
  pitch: 14.999989
afk: false
