lastAccountName: 6gustav9
timestamps:
  login: 1582987209484
  logout: 1582987295397
  lastteleport: 1582983553808
ipAddress: 127.0.0.1
lastlocation:
  world: world
  x: -258.7631381486037
  y: 67.0
  z: 108.8017398847424
  yaw: -352.4945
  pitch: 17.399948
logoutlocation:
  world: world
  x: -263.90758581910006
  y: 67.0
  z: 74.30926010725129
  yaw: 0.30000004
  pitch: 0.0
afk: false
