lastAccountName: 6gustav9
timestamps:
  login: 1575381421857
  logout: 1574888359858
ipAddress: 127.0.0.1
lastlocation:
  world: world
  x: -251.5455645962609
  y: 68.0
  z: 79.36143943607946
  yaw: -40.64891
  pitch: 30.749949
logoutlocation:
  world: world
  x: -252.9686939448265
  y: 68.0
  z: 84.36960729642952
  yaw: -100.7999
  pitch: 24.149984
afk: false
