lastAccountName: 6gustav9
timestamps:
  login: 1576005381211
  logout: 1576005383752
ipAddress: 127.0.0.1
lastlocation:
  world: world
  x: -251.5455645962609
  y: 68.0
  z: 79.36143943607946
  yaw: -40.64891
  pitch: 30.749949
logoutlocation:
  world: world
  x: -258.50094812582097
  y: 68.0
  z: 80.06476901569678
  yaw: -88.200676
  pitch: 15.299988
afk: false
