lastAccountName: 6u5t4v
timestamps:
  login: 1576095983429
  logout: 1576095976041
ipAddress: 127.0.0.1
lastlocation:
  world: world
  x: -256.0
  y: 68.0
  z: 80.0
  yaw: -0.45000005
  pitch: 0.90000015
logoutlocation:
  world: world
  x: -256.0
  y: 68.0
  z: 80.0
  yaw: 0.6
  pitch: 1.8000001
afk: false
