lastAccountName: 6u5t4v
timestamps:
  login: 1583524520673
  logout: 1583524519702
ipAddress: 127.0.0.1
lastlocation:
  world: world
  x: -256.0
  y: 68.0
  z: 80.0
  yaw: -0.45000005
  pitch: 0.90000015
logoutlocation:
  world: world
  x: -253.78254911846375
  y: 68.0
  z: 80.31444542286728
  yaw: -15.000008
  pitch: 17.699982
afk: false
