lastAccountName: 6u5t4v
timestamps:
  login: 1575213574111
  logout: 1575202939936
ipAddress: 127.0.0.1
lastlocation:
  world: world
  x: -247.23054790452625
  y: 68.0
  z: 89.90236445735293
  yaw: -99.000626
  pitch: 35.249977
logoutlocation:
  world: world
  x: -252.24646862049036
  y: 68.0
  z: 88.73899970666398
  yaw: 99.44949
  pitch: 27.299955
