lastAccountName: 6u5t4v
timestamps:
  login: 1576006914936
  logout: 1576005390238
ipAddress: 127.0.0.1
lastlocation:
  world: world
  x: -255.3749544370255
  y: 68.0
  z: 78.92837893865861
  yaw: -227.09886
  pitch: 16.649984
logoutlocation:
  world: world
  x: -255.35777289978114
  y: 68.0
  z: 79.89339568536226
  yaw: -129.00038
  pitch: 31.799946
afk: false
