lastAccountName: 6u5t4v
timestamps:
  login: 1575202944751
  logout: 1575202939936
ipAddress: 127.0.0.1
lastlocation:
  world: world
  x: -253.1726876471197
  y: 68.0
  z: 84.35038134310423
  yaw: -34.349983
  pitch: 15.899983
logoutlocation:
  world: world
  x: -252.24646862049036
  y: 68.0
  z: 88.73899970666398
  yaw: 99.44949
  pitch: 27.299955
